ISS (ZARYA)             
1 25544U 98067A   15130.44104426  .00015946  00000-0  23354-3 0  9990
2 25544  51.6462 272.5313 0006550 292.6399 167.5903 15.55723646942162
TIANGONG 1              
1 37820U 11053A   15130.44381718  .00023136  00000-0  28402-3 0  9990
2 37820  42.7655 139.9172 0010508 132.6382  21.5397 15.59771616207422
PROGRESS-M 25M          
1 40292U 14067A   15116.18326566  .00016849  00000-0  24679-3 0  9995
2 40292  51.6481 343.8143 0003434 274.9158 179.9634 15.55687816 27819
SPINSAT                 
1 40314U 98067FL  15129.86855420  .00024369  00000-0  31088-3 0  9995
2 40314  51.6484 274.1475 0005533 315.4273  44.6279 15.59133002 76692
AESP 14                 
1 40389U 98067FM  15130.45104138  .04999156  11991-4  17940-2 0  9991
2 40389  51.6203 260.6447 0016268 304.2023  55.7438 16.23759866 20309
FLOCK 1B-27             
1 40422U 98067FN  15130.45736200  .00073266  00000-0  69768-3 0  9992
2 40422  51.6433 269.6060 0007162 304.7463 162.0436 15.66114587 20163
FLOCK 1B-28             
1 40423U 98067FP  15130.41234299  .00063223  00000-0  62120-3 0  9997
2 40423  51.6401 270.0714 0006691 315.4445 142.1606 15.65396163 20154
FLOCK 1B-21             
1 40427U 98067FQ  15130.44444083  .00059399  00000-0  56592-3 0  9993
2 40427  51.6427 269.6160 0006996 289.1725 135.7740 15.66189735 20198
FLOCK 1B-22             
1 40428U 98067FR  15130.42474949  .00070211  00000-0  69043-3 0  9997
2 40428  51.6421 270.1419 0008645 295.1931 170.5599 15.65313910 20187
FLOCK 1B-10             
1 40429U 98067FS  15130.49482131  .00094751  00000-0  93505-3 0  9992
2 40429  51.6385 269.8483 0009123 323.4377 148.4767 15.65093393 20163
FLOCK 1B-9              
1 40430U 98067FT  15130.41032920  .00183020  00000-0  14365-2 0  9997
2 40430  51.6433 269.4372 0013064 308.2705  87.2478 15.70328560 20169
FLOCK 1D-1              
1 40451U 98067FU  15130.40773450  .00055365  00000-0  56167-3 0  9996
2 40451  51.6432 270.1813 0009376 317.9683  76.2672 15.64619671 20166
FLOCK 1D-2              
1 40452U 98067FV  15130.42487743  .00034064  00000-0  39809-3 0  9993
2 40452  51.6465 271.0497 0009012 322.7407  74.9940 15.61219808 20153
FLOCK 1B-5              
1 40453U 98067FW  15130.41261141  .00055945  00000-0  60315-3 0  9992
2 40453  51.6433 270.8349 0010236 325.2061 131.9581 15.63058782 20144
FLOCK 1B-6              
1 40454U 98067FX  15130.40876941  .00067717  00000-0  66549-3 0  9997
2 40454  51.6421 270.1871 0010060 313.5312  80.9470 15.65327778 20156
GEARRS-1                
1 40456U 98067FZ  15130.33252874  .00069089  00000-0  72083-3 0  9998
2 40456  51.6482 271.0822 0008827 293.1786 151.1154 15.63823803 20155
MICROMAS                
1 40457U 98067GA  15130.48612676  .00135376  00000-0  11068-2 0  9993
2 40457  51.6399 269.0883 0012216 315.3755 130.5330 15.69522398 20177
LAMBDASAT               
1 40458U 98067GB  15130.52990894  .01007426  47676-3  23625-2 0  9990
2 40458  51.6347 265.0027 0019186 316.8145  43.1406 15.96033364 20239
FLOCK 1B-11             
1 40459U 98067GC  15130.41764448  .00068109  00000-0  66689-3 0  9992
2 40459  51.6424 270.2450 0008138 312.7496  84.1452 15.65438925 20170
FLOCK 1B-12             
1 40460U 98067GD  15130.54134019  .00065850  00000-0  69253-3 0  9993
2 40460  51.6454 270.1446 0008148 309.9345 173.5130 15.63647680 20186
DRAGON CRS-6            
1 40588U 15021A   15107.55990741  .00021328  00000-0  30900-3 0  9999
2 40588  51.6478  26.9099 0005986 222.9710 135.8879 15.55797401   436
OBJECT A                
1 40619U 15024A   15127.81228385  .06736651  12531-4  10653-3 0  9993
2 40619  51.6438 280.6115 0008840 127.8365 232.4708 16.47715957  1553
OBJECT B                
1 40620U 15024B   15119.02469054  .11388477  12484-4  80198-3 0  9992
2 40620  51.6506 329.2564 0006964  46.0865 314.2605 16.40162809   123
